1
6
0.500000 0.000000 0.500000
0.000000 1.000000 0.000000
-0.002518 0.996494
1.000000 0.000000 0.000000 0.000000
0 0 0 0
0.500000 0.000000 -0.500000
0.000000 1.000000 0.000000
-0.002518 0.003506
1.000000 0.000000 0.000000 0.000000
0 0 0 0
-0.500000 0.000000 0.500000
0.000000 1.000000 0.000000
-0.995505 0.996494
1.000000 0.000000 0.000000 0.000000
0 0 0 0
-0.500000 0.000000 0.500000
0.000000 1.000000 0.000000
-0.995505 0.996494
1.000000 0.000000 0.000000 0.000000
0 0 0 0
0.500000 0.000000 -0.500000
0.000000 1.000000 0.000000
-0.002518 0.003506
1.000000 0.000000 0.000000 0.000000
0 0 0 0
-0.500000 0.000000 -0.500000
0.000000 1.000000 0.000000
-0.995505 0.003506
1.000000 0.000000 0.000000 0.000000
0 0 0 0
6
0 1 2 3 4 5
1
0
6
0.800000 0.800000 0.800000 1.000000
skinned_mesh_ps.cso
effect_circle.fbm\effect_circle.png
0.000000 0.000000 0.000000 0.000000 0.000000 0.000000 0.000000 0.000000 0.000000 0.000000 0.000000 0.000000 0.000000 0.000000 0.000000 1.000000
1
30
0.041667
0
0
0
0
0
0
0
0
0
0
0
0
0
0
0
0
0
0
0
0
0
0
0
0
0
0
0
0
0
0
