1
6
-24.164129 98.018501 25.000000
1.000000 0.000000 0.000000
0.246913 0.002816
1.000000 0.000000 0.000000 0.000000
0 0 0 0
-24.164129 -0.205498 25.000000
1.000000 0.000000 0.000000
0.246913 0.997184
1.000000 0.000000 0.000000 0.000000
0 0 0 0
-24.164129 -0.205498 -25.000000
1.000000 0.000000 0.000000
0.753087 0.997184
1.000000 0.000000 0.000000 0.000000
0 0 0 0
-24.164129 98.018501 25.000000
1.000000 0.000000 0.000000
0.246913 0.002816
1.000000 0.000000 0.000000 0.000000
0 0 0 0
-24.164129 -0.205498 -25.000000
1.000000 0.000000 0.000000
0.753087 0.997184
1.000000 0.000000 0.000000 0.000000
0 0 0 0
-24.164129 98.018501 -25.000000
1.000000 0.000000 0.000000
0.753087 0.002816
1.000000 0.000000 0.000000 0.000000
0 0 0 0
6
0 1 2 3 4 5
1
0
6
0.800000 0.800000 0.800000 1.000000
skinned_mesh_ps.cso
stagekabe.fbm\stage_kabe.png
1.000000 0.000000 0.000000 0.000000 0.000000 1.000000 0.000000 0.000000 0.000000 0.000000 1.000000 0.000000 0.000000 0.000000 0.000000 1.000000
0
