1
6
25.000000 0.000000 25.000000
0.000000 1.000000 0.000000
0.991552 0.008448
1.000000 0.000000 0.000000 0.000000
0 0 0 0
25.000000 0.000000 -25.000000
0.000000 1.000000 0.000000
0.008448 0.008448
1.000000 0.000000 0.000000 0.000000
0 0 0 0
-25.000000 0.000000 25.000000
0.000000 1.000000 0.000000
0.991552 0.991552
1.000000 0.000000 0.000000 0.000000
0 0 0 0
-25.000000 0.000000 25.000000
0.000000 1.000000 0.000000
0.991552 0.991552
1.000000 0.000000 0.000000 0.000000
0 0 0 0
25.000000 0.000000 -25.000000
0.000000 1.000000 0.000000
0.008448 0.008448
1.000000 0.000000 0.000000 0.000000
0 0 0 0
-25.000000 0.000000 -25.000000
0.000000 1.000000 0.000000
0.008448 0.991552
1.000000 0.000000 0.000000 0.000000
0 0 0 0
6
0 1 2 3 4 5
1
0
6
0.800000 0.800000 0.800000 1.000000
skinned_mesh_ps.cso
stageyuka.fbm\stage_yuka.png
1.000000 0.000000 0.000000 0.000000 0.000000 1.000000 0.000000 0.000000 0.000000 0.000000 1.000000 0.000000 0.000000 0.000000 0.000000 1.000000
0
